-1.821747169999999642e+03
-1.839465989999999465e+03
-1.951664220000000569e+03
-1.870964520000000903e+03
-1.603016780000000381e+03
-1.649318670000000793e+03
-1.522223469999999907e+03
-1.608078829999999698e+03
-1.396619610000000648e+03
-1.517462680000000773e+03
-1.518494339999999056e+03
-1.345233720000000631e+03
-1.338632169999999633e+03
-1.178866819999999279e+03
-1.306887679999999364e+03
-1.221240839999999935e+03
-1.230772989999998799e+03
-1.172671220000000403e+03
-1.299932339999999840e+03
-1.180057730000000674e+03
-1.075766570000000229e+03
-9.633535276454377936e+02
-9.869280699999995932e+02
-8.861669699999999921e+02
-9.768992600000001403e+02
-8.979417100000001710e+02
-6.806852300000001605e+02
-6.934229099999998880e+02
-7.512660000000003038e+02
-7.754925600000001396e+02
-6.408771800000007488e+02
-6.553169999999996662e+02
-6.241042500000004338e+02
-6.562188799999991033e+02
-5.562227500000000191e+02
-8.158831699999997227e+02
-6.804672799999999597e+02
-7.119485799999998790e+02
-4.974297900000000254e+02
-6.017274800000001278e+02
-5.541380199999999832e+02
-4.151304400000000783e+02
-4.572249600000000100e+02
-5.177744899999997870e+02
-7.019264500000003864e+02
-4.947054999999999723e+02
-5.313837100000000646e+02
-4.331410900000001902e+02
-4.975685639511622753e+02
-4.700884599999997704e+02
-3.450256300000000920e+02
-4.096836600000000885e+02
-4.578913299999999822e+02
-2.816290399999998613e+02
-3.962438699999998448e+02
-3.580405999999999835e+02
-3.702620900000001711e+02
-3.127544700000000262e+02
-3.382278499999999326e+02
-3.009511300000000915e+02
-3.222524099999999407e+02
-2.213805800000000374e+02
-2.720949299999999198e+02
-2.599006299999999783e+02
-1.960229100000001097e+02
-3.025751699999999573e+02
-1.719469699999999648e+02
-2.261911099999999237e+02
-2.127423699999999656e+02
-2.276158200000000136e+02
-2.108787699999999745e+02
-1.693950800000000072e+02
-1.165492699999999786e+02
-1.661729599999999891e+02
-1.650790099999999541e+02
-4.681161000000000882e+01
-1.854282600000000798e+02
-1.231522400000000346e+02
-1.608064546846149767e+02
-1.359223799999999756e+02
-1.823384700000000009e+02
-7.464902000000003568e+01
-7.292663000000000295e+01
-5.686826999999997412e+01
-1.709423500000000047e+02
-1.150507400000000047e+02
-8.614390999999999110e+01
-1.116993699999999876e+02
-1.060807800000000043e+02
-7.110524999999996965e+01
-6.906497000000001663e+01
-1.236540699999999902e+02
-4.409912999999998817e+01
-1.539921000000000220e+02
-5.756950999999999397e+01
-1.458195299999999577e+02
-5.567157999999999873e+01
-6.375912000000002422e+01
-3.362360000000001037e+01
-4.178186000000000178e+01
-3.200527999999999196e+01
-5.701409014809078712e+01
-4.284634000000001208e+01
-6.604876999999999043e+01
-3.494447999999999155e+01
-6.604173000000000116e+01
-2.818584999999999852e+01
-3.004265999999999082e+01
-6.088876830349827429e+01
-7.193739999999998247e+01
-4.202144000000001256e+01
-3.422100999999999971e+01
-5.538479999999998427e+01
-2.645103999999999544e+01
-4.739868999999999488e+01
-2.176812000000000680e+01
-2.302146000000000114e+01
-2.722180999999999784e+01
-2.293841000000000108e+01
-4.194323999999998875e+01
-2.271621000000000024e+01
-3.410231999999999175e+01
-3.629066000000000258e+01
-2.360841999999999885e+01
-2.130941999999999581e+01
-2.906981999999999289e+01
-2.247564000000000561e+01
-3.191420000000000456e+01
-1.520475000000000065e+01
-3.157847999999999544e+01
-2.132041999999999504e+01
-2.003155000000000285e+01
-1.770867999999999753e+01
-2.905111999999999028e+01
-2.071498000000000417e+01
-2.756831999999999638e+01
-1.141063000000000116e+01
-1.817661999999999622e+01
-2.329074999999999918e+01
-1.944557999999999609e+01
-1.358961999999999826e+01
-1.381996000000000357e+01
-1.234959000000000273e+01
-1.536215999999999937e+01
-2.830598000000000170e+01
-1.646480000000000032e+01
-2.751661999999999608e+01
-6.085610999999999393e+01
-1.544080999999999726e+01
-1.326006000000000462e+01
-1.527151999999999532e+01
-1.304038999999999682e+01
-4.179034999999998945e+01
-2.051929999999999765e+01
-1.184898000000000096e+01
-3.072092999999999563e+01
-2.494603000000000037e+01
-2.131261999999999546e+01
-1.632905999999999835e+01
-1.274899999999999878e+01
-1.083643000000000534e+01
-1.056143000000000143e+01
-1.188175999999999988e+01
-1.519561999999999991e+01
-1.234331999999999852e+01
-3.169630000000000081e+01
-2.019843000000000544e+01
-1.948210999999999515e+01
-2.130238999999999550e+01
-1.370897000000000432e+01
-1.728660999999999603e+01
-1.194083000000000183e+01
-1.020524999999999949e+01
-1.232396000000000136e+01
-1.245441999999999716e+01
-1.806484143968082634e+01
-3.277264999999999873e+01
-2.698113999999999990e+01
-1.984389999999999787e+01
-1.167313533390555591e+01
-3.981661999999999324e+01
-2.227105000000000601e+01
-1.025012999999999685e+01
-2.317118000000000322e+01
-8.791419999999998680e+00
-1.950180000000000291e+01
-1.263867000000000118e+01
-8.521919999999999717e+00
-1.034197999999999951e+01
-9.977880000000002525e+00
-1.451493999999999929e+01
-9.816180000000001016e+00
-1.286504999999999832e+01
-1.033647999999999634e+01
-1.370301778346839328e+01
-1.125520000000000032e+01
-9.369690000000000296e+00
-2.159553999999999974e+01
-1.212793999999999883e+01
-2.160708999999999591e+01
-1.028521999999999892e+01
-2.063159931397256841e+01
-1.743764999999999787e+01
-7.603199999999998404e+00
-1.066375869879120586e+01
-1.143966999999999778e+01
-2.024946999999999520e+01
-1.022317999999999927e+01
-1.945179494225105188e+01
-1.075348999999999755e+01
-9.817499999999999005e+00
-2.049785000000001389e+01
-9.703433282326237475e+00
-1.049194961147085436e+01
-1.144374000000000358e+01
-3.062121851427500729e+01
-1.098747507650499955e+01
-5.632683947267129554e+01
-1.086028020982334397e+01
-7.966703632892163434e+00
-9.190830000000000055e+00
-4.265421811481784431e+01
-9.898935227788392410e+00
-1.778560011878575509e+01
-2.918866676532471160e+01
-1.859937030000775238e+01
-4.349857858459289162e+01
-1.501288922140930282e+01
-2.973613349822602814e+01
-2.156962528336032037e+01
-1.125475999999999921e+01
-1.183626669413418497e+01
-1.088564754134065993e+01
-7.462510000000000865e+00
-3.041018868893210225e+01
-1.207549490316756824e+01
-1.111846999999999674e+01
-1.169922422559133857e+01
-1.196137225809819959e+01
-9.704297970931676787e+00
-1.068996365215053501e+01
-1.184470662604960722e+01
-1.818411000000000044e+01
-8.778507749121054360e+00
-7.484179999999999389e+00
-1.434996382812856019e+01
-5.593827863548877133e+01
-1.052894968340655346e+01
-1.970535906047501840e+01
-1.951129597898485812e+01
-1.193335963139612410e+01
-1.902366013723286287e+01
-1.180293011338960341e+01
-2.038273346878158065e+01
-2.319294248384214896e+01
-1.123215870031593866e+01
-1.294856672383190599e+01
-2.113999104769704473e+01
-1.343249225608596653e+01
-1.124490711528993359e+01
-2.281631613619540389e+01
-1.248940533649236961e+01
-2.294633103532564533e+01
-1.124491774340500960e+01
-1.293494546229177544e+01
-1.067987259236349473e+01
-3.014170900230171313e+01
-1.972079175190701150e+01
-8.943516992598253168e+00
-1.012399797686998149e+01
-3.581922000000000139e+01
-3.060920501362705792e+01
-1.426729767901145784e+01
-1.052170522298145094e+01
-7.296681496465690309e+00
-2.584276342143303395e+01
-1.783293152177719065e+01
-1.088761406589537550e+01
-9.558677876250637695e+00
-1.178662649288621544e+01
-1.082387340531516884e+01
-2.165278796720128085e+01
-9.665355773041085286e+00
-1.015427169505657368e+01
-1.096642842629266568e+01
-5.476381906216219342e+00
-2.085076903446855567e+01
-7.232497052031188645e+00
-8.600387865497857831e+00
-1.180001639409226044e+01
-2.135142642034798399e+01
-1.084664308899155039e+01
-1.902025017144182328e+01
-1.686450091551010644e+01
-1.909431955724618390e+01
-8.777745428347781598e+00
-2.129641545834369509e+01
-1.064776273800788964e+01
-9.298558616724761805e+00
-9.291925038866310160e+00
