-1.497211849999999458e+03
-1.348118339999999307e+03
-1.453926429999998845e+03
-1.364105089999998881e+03
-1.452869129999998449e+03
-1.534658700000000863e+03
-1.326319189999999708e+03
-1.083679070000000365e+03
-1.021556750000000193e+03
-1.285709459999999808e+03
-1.354506889999999657e+03
-1.158742950000000519e+03
-9.951188800000001038e+02
-1.019748240000000919e+03
-1.117533170000000382e+03
-1.070453110000000606e+03
-1.090216699999999719e+03
-8.549412200000001576e+02
-9.435742600000008906e+02
-9.341612100000003238e+02
-9.224635799999997516e+02
-7.888773400000002312e+02
-5.839084399999999277e+02
-7.679567299999998795e+02
-6.548591800000000376e+02
-6.315187999999997146e+02
-6.467005799999999454e+02
-5.762123899999999139e+02
-7.400356299999999692e+02
-7.282481533331706487e+02
-7.417586999999997488e+02
-5.953844199999997500e+02
-5.989882500000001073e+02
-5.563782800000000179e+02
-4.887075299999999061e+02
-5.277520700000002307e+02
-5.332210199999996121e+02
-4.999202800000001048e+02
-5.043234699999998725e+02
-4.783098800000001347e+02
-3.459700500000000716e+02
-4.033833900000003609e+02
-3.503305800000002250e+02
-3.006642100000000255e+02
-3.087461199999999053e+02
-2.960308800000000247e+02
-2.818951099999998178e+02
-3.345166300000001343e+02
-3.423223100000001864e+02
-4.039806300000003603e+02
-3.106922400000001971e+02
-3.379547800000002553e+02
-2.140173399999998765e+02
-3.371717600000001198e+02
-2.410550399999999343e+02
-3.289365399999995816e+02
-3.025205799999998817e+02
-2.958655499999999279e+02
-2.587970799999999940e+02
-3.264835300000001439e+02
-3.095800699999999779e+02
-1.962218599999999071e+02
-2.546775899999999240e+02
-2.383951199999998494e+02
-3.376707200000000739e+02
-4.073135500000000206e+02
-2.037220000000000937e+02
-2.274615500000000168e+02
-2.143270799999999667e+02
-2.912721500000001811e+02
-2.660164599999997108e+02
-1.621844200000000455e+02
-2.046446899999997981e+02
-1.563037900000000491e+02
-2.999159199999999714e+02
-2.303838100000001532e+02
-2.474462800000001437e+02
-1.610527099999998768e+02
-2.510749047550488058e+02
-1.857847399999999141e+02
-2.215110900000000527e+02
-1.621615500000000054e+02
-1.914545900000000529e+02
-2.061267300000000660e+02
-1.861748999999999512e+02
-2.747966299999997659e+02
-2.232123999999999739e+02
-1.073126500000000334e+02
-1.249190200000000601e+02
-1.967162500000000023e+02
-1.556667899999999634e+02
-8.931937000000000637e+01
-1.237870000000000346e+02
-1.454919099999999332e+02
-8.220754000000003714e+01
-2.995455499999998779e+02
-1.064612399999999752e+02
-1.575228899999999612e+02
-1.080628400000000227e+02
-1.303647899999999424e+02
-1.277721599999999853e+02
-1.104132200000000381e+02
-2.000087799999998310e+02
-1.204244100000000088e+02
-1.679947900000000516e+02
-1.232559199999999748e+02
-7.435398000000004970e+01
-6.664847999999997796e+01
-1.344266500000000519e+02
-9.509097000000005551e+01
-1.183903900000000533e+02
-8.447661000000002218e+01
-4.521869999999997702e+01
-6.492234999999999445e+01
-5.480597999999999104e+01
-7.431722000000004869e+01
-9.025238000000003069e+01
-9.322599000000002434e+01
-9.615334000000004266e+01
-4.992945000000000277e+01
-9.334347999999999956e+01
-3.610210999999998904e+01
-4.196821000000000623e+01
-4.110832000000002751e+01
-1.159271500000000117e+02
-9.951668999999996856e+01
-3.169638999999999740e+01
-3.388648999999998779e+01
-3.653902999999999679e+01
-1.022226899999999858e+02
-5.965002999999999389e+01
-1.398353500000000054e+02
-3.076259999999999550e+01
-5.033789000000001579e+01
-9.158225999999997669e+01
-1.178487599999999986e+02
-2.239390999999999110e+01
-6.604159999999998831e+01
-1.818674000000000390e+01
-5.560590999999999440e+01
-2.336542999999999637e+01
-9.792399999999996396e+01
-4.208402999999998428e+01
-2.385492999999998531e+01
-4.328578000000000969e+01
-3.331867999999999341e+01
-3.236453999999999809e+01
-3.785970999999999265e+01
-1.647095999999999805e+01
-7.206629000000006613e+01
-3.679719999999997526e+01
-4.633290999999999116e+01
-4.208953999999999240e+01
-3.034076000000000306e+01
-5.064874000000000365e+01
-4.062476999999999805e+01
-4.599704999999999444e+01
-2.199241000000000668e+01
-2.656983999999999568e+01
-1.563055999999999202e+01
-2.953015999999999508e+01
-1.313245999999999292e+01
-1.459777000000000413e+01
-3.625600999999998919e+01
-4.474778000000000588e+01
-5.848656000000003274e+01
-2.497055999999999187e+01
-6.445836999999997374e+01
-7.924729999999999386e+00
-2.780339000000000027e+01
-3.521705000000000751e+01
-3.522628999999998456e+01
-1.470557000000000158e+01
-3.446068999999999249e+01
-2.140115999999999374e+01
-1.666984000000000421e+01
-2.281892162890785514e+01
-2.467840000000000344e+01
-1.263239999999999874e+01
-2.253669999999999973e+01
-2.397198000000000206e+01
-1.408483999999999803e+01
-2.317998000000000758e+01
-1.696695000000000064e+01
-1.207525000000000226e+01
-1.553002000000000038e+01
-1.289452999999999960e+01
-2.403874000000000422e+01
-1.994267999999999574e+01
-1.146661999999999537e+01
-1.188682000000000016e+01
-2.861410000000000409e+01
-1.400277999999999601e+01
-1.001946000000000048e+01
-2.193718999999999753e+01
-1.440559999999999974e+01
-1.264548999999999879e+01
-1.798456000000000188e+01
-2.540285999999999689e+01
-2.282995000000000374e+01
-1.078439999999999976e+01
-2.683648999999999063e+01
-3.113770999999999844e+01
-1.513742999999999839e+01
-3.257520000000000948e+01
-9.563510000000000844e+00
-1.220648000000000089e+01
-2.022537000000000873e+01
-2.022514535164082616e+01
-9.982169999999999987e+00
-9.397189999999998378e+00
-8.089620000000000033e+00
-1.393799000000000099e+01
-1.989647999999999328e+01
-1.797004000000000090e+01
-1.587310999999999872e+01
-1.033175000000000310e+01
-1.081102000000000452e+01
-9.675930000000002806e+00
-3.365771000000000157e+01
-2.493084999999999596e+01
-1.932205000000000084e+01
-3.069596000000000302e+01
-2.999679999999998969e+01
-1.629210000000000136e+01
-2.229227999999999454e+01
-1.131812000000000040e+01
-1.983256999999999337e+01
-2.076119000000000625e+01
-6.353490000000001636e+00
-9.352750000000000341e+00
-8.542269999999998475e+00
-1.238632999999999740e+01
-1.560999000000000159e+01
-1.076537000000000077e+01
-2.871727999999999525e+01
-2.208328000000000557e+01
-4.319450000000000500e+01
-1.796180000000000021e+01
-2.155791999999999931e+01
-1.374735999999999869e+01
-7.361089999999999911e+00
-1.445983000000000018e+01
-7.230080000000000062e+00
-4.173501999999999157e+01
-1.024319999999999986e+01
-2.039643000000000228e+01
-1.973148000000000124e+01
-2.860078999999999638e+01
-2.996028000000000091e+01
-8.594409999999999883e+00
-8.203470000000001150e+00
-1.697729999999999961e+01
-1.779767123543343033e+01
-6.454910000000000814e+00
-8.592980000000000729e+00
-1.744150000000000134e+01
-1.227303000000000210e+01
-8.359890000000001820e+00
-1.317800000000000082e+01
-1.828179000000000087e+01
-9.817499999999999005e+00
-9.828170000000000073e+00
-9.145619999999999195e+00
-2.273040999999999556e+01
-2.026344000000000634e+01
-8.613769999999998817e+00
-1.033219000000000065e+01
-7.278809999999998226e+00
-1.286659000000000042e+01
-1.930556000000001049e+01
-1.074314999999999820e+01
-1.755150000000000077e+01
-9.749299999999998079e+00
-8.498050000000000992e+00
-2.059575000000000244e+01
-1.450879786221754308e+01
-2.760681999999999903e+01
-8.308080000000000354e+00
-1.087394000000000105e+01
-9.489370000000000971e+00
-1.169024999999999714e+01
-5.825930000000000497e+00
-7.266270000000001339e+00
-7.957290000000000418e+00
-1.082388999999999868e+01
-5.354814999999999969e+01
-2.702185000000000059e+01
-1.636448000000000391e+01
-2.286109000000000435e+01
-7.662710000000002353e+00
-8.212490000000000734e+00
-9.590790000000000148e+00
-1.500575999999999510e+01
-2.443144999999999456e+01
-8.249670000000003611e+00
-7.808900000000000396e+00
-2.051841999999999899e+01
-1.656766000000000005e+01
-7.471089999999999343e+00
