-1.573454040000000077e+03
-1.331909510000001774e+03
-1.294834989999999834e+03
-1.323799000000000888e+03
-1.321310173312968573e+03
-1.255542259999999487e+03
-1.376259909999999536e+03
-1.185033749999999372e+03
-1.435315550000000940e+03
-1.203895240000000740e+03
-1.131964399999999159e+03
-1.044019880000000967e+03
-1.135662840000000188e+03
-1.136795939999999746e+03
-1.038162489999999934e+03
-1.044409170000000586e+03
-8.835460100000001376e+02
-1.209912469999999985e+03
-8.957183899999997720e+02
-9.646354400000001306e+02
-9.244301699999998618e+02
-8.488546999999995251e+02
-9.463645099999999957e+02
-7.690360099999996919e+02
-6.921187499999996362e+02
-7.616773299999996425e+02
-8.742097300000003770e+02
-8.946459000000000970e+02
-8.174961999999998170e+02
-7.171122199999998656e+02
-6.938963499999998703e+02
-5.332403299999995170e+02
-5.357834199999998646e+02
-7.629851000000001022e+02
-6.479636299999999665e+02
-6.646653600000004189e+02
-5.258443699999997989e+02
-4.901999300000001654e+02
-3.919795199999998658e+02
-5.681128600000005235e+02
-5.361696399999997311e+02
-3.976335100000001148e+02
-3.970660299999998983e+02
-4.280825199999997608e+02
-4.175346200000001318e+02
-3.556283300000000054e+02
-2.607753500000000031e+02
-2.588060100000001285e+02
-2.580089500000000271e+02
-4.258121299999997973e+02
-2.863459799999998836e+02
-3.387289800000000355e+02
-2.842012999999998328e+02
-2.858211599999999066e+02
-3.291152200000001926e+02
-3.644185299999998620e+02
-3.065178700000000163e+02
-2.555891600000000778e+02
-2.164226400000000297e+02
-3.293490600000000086e+02
-2.907376100000000179e+02
-2.970083599999999819e+02
-2.477003899999998850e+02
-2.691561299999999051e+02
-1.946881700000000706e+02
-2.632861899999999196e+02
-1.887609100000001092e+02
-1.643893999999999380e+02
-1.836863899999998750e+02
-1.155497900000000158e+02
-1.897550900000000240e+02
-1.370863899999999660e+02
-1.982040900000000647e+02
-1.047657199999999307e+02
-2.575869700000001217e+02
-1.577517699999999650e+02
-1.116452299999999696e+02
-1.206547900000000197e+02
-1.884940300000000661e+02
-1.377937899999999729e+02
-1.416892299999999523e+02
-6.136803000000001163e+01
-9.213120999999999583e+01
-1.007002200000000158e+02
-1.006158399999999631e+02
-1.173973599999999919e+02
-1.208136300000000602e+02
-7.440667000000000542e+01
-1.042118700000000189e+02
-1.648562300000000391e+02
-1.944965199999999754e+02
-9.121590999999997962e+01
-6.759997999999997376e+01
-1.049948499999999996e+02
-1.715361100000000931e+02
-4.609783000000001607e+01
-8.006003000000002601e+01
-5.996333999999998099e+01
-1.172739400000000103e+02
-4.505821000000000254e+01
-7.693216999999999928e+01
-7.568939000000001727e+01
-7.160354999999995584e+01
-4.617021000000001152e+01
-7.160277000000000669e+01
-5.957074999999999676e+01
-4.755664999999998344e+01
-6.962035999999997671e+01
-4.378276999999999930e+01
-7.091330000000002087e+01
-4.725623999999999825e+01
-3.980681999999999476e+01
-2.206643999999998940e+01
-3.973289000000001181e+01
-7.592842999999999165e+01
-3.165316999999999936e+01
-2.320372999999999308e+01
-5.439811000000000263e+01
-1.814483000000000246e+01
-4.174215999999999127e+01
-3.795429999999998216e+01
-1.989525999999998973e+01
-5.566982000000000852e+01
-5.659294000000001290e+01
-1.963137000000000754e+01
-2.818299999999999628e+01
-2.001636999999999844e+01
-6.824922000000005085e+01
-5.954919999999999192e+01
-3.043206000000000344e+01
-4.306787999999999528e+01
-1.598696000000000161e+01
-1.305479999999999485e+01
-5.323376000000001085e+01
-1.606198000000000192e+01
-2.492425000000000779e+01
-5.498573999999998563e+01
-1.125509000000000093e+01
-1.178767776394850664e+01
-2.707067999999999941e+01
-2.954820999999999032e+01
-3.651359870940422070e+01
-1.361568999999999896e+01
-1.613359000000000165e+01
-5.290452999999998696e+01
-1.487573999999999863e+01
-1.370094000000000101e+01
-1.406525999999999854e+01
-1.191618999999999673e+01
-1.551616000000000284e+01
-1.107425560747562265e+01
-3.048904000000001346e+01
-1.269785000000000252e+01
-2.229172999999999405e+01
-1.245123000000000246e+01
-2.513929999999999509e+01
-4.390565000000000140e+01
-7.335774000000002104e+01
-8.740269999999998873e+00
-7.601600000000000534e+01
-3.072269000000000361e+01
-3.662738000000000227e+01
-2.371821000000000623e+01
-9.668449999999998212e+00
-1.988921999999999457e+01
-8.461200000000001609e+00
-2.338952999999999349e+01
-4.001009999999999422e+01
-1.075118000000000151e+01
-1.129920000000000080e+01
-4.801524999999999466e+01
-5.027409999999998291e+01
-9.358139999999998793e+00
-1.045253000000000121e+01
-1.183346999999999660e+01
-1.070762000000000214e+01
-8.931559999999999278e+00
-1.362020000000000408e+01
-9.656239999999998602e+00
-2.556818999999999420e+01
-1.883782999999999319e+01
-1.434004000000000367e+01
-8.924409999999999954e+00
-8.612780000000002545e+00
-8.730589999999997630e+00
-4.680832999999999799e+01
-4.037244999999999351e+01
-8.979959999999998388e+00
-1.879691000000000400e+01
-1.579588999999999999e+01
-1.035034000000000454e+01
-4.075737261881062068e+01
-2.095489999999998787e+01
-2.037927000000000177e+01
-3.352659000000000589e+01
-1.441868999999999978e+01
-2.562506000000000483e+01
-1.611378999999999806e+01
-4.469358000000000430e+01
-2.464507000000000048e+01
-2.052336000000000027e+01
-2.130602000000000018e+01
-1.579996000000000045e+01
-1.658370999999999995e+01
-3.156396999999999764e+01
-6.463710000000000733e+00
-2.818103000000000335e+01
-3.965876999999999697e+01
-2.459358999999999540e+01
-9.671640000000003567e+00
-2.705044000000000537e+01
-2.291289999999999694e+01
-1.187183212306335101e+01
-1.072027000000000108e+01
-2.813922999999999774e+01
-1.289992000000000338e+01
-1.437139000000000166e+01
-1.188571999999999917e+01
-2.189363999999999777e+01
-1.145859000000000094e+01
-2.423190206682897596e+01
-8.009650000000000603e+00
-1.261644999999999861e+01
-9.213489999999998403e+00
-7.848059999999999370e+00
-1.382601000000000013e+01
-1.561300142266343016e+01
-9.323600000000000776e+00
-9.239010000000000389e+00
-9.009439999999999671e+00
-8.818040000000003431e+00
-1.406668999999999592e+01
-2.255961834210787131e+01
-1.090804000000000151e+01
-3.829719000000000051e+01
-2.059795000000000087e+01
-1.623325000000000884e+01
-9.904950000000001253e+00
-1.075734000000000101e+01
-7.569650000000001100e+00
-9.136710000000002552e+00
-9.769759999999999778e+00
-7.861040000000000916e+00
-7.467570000000000263e+00
-2.047999444413166614e+01
-8.920670000000002986e+00
-1.170785000000000231e+01
-3.189861397495239714e+01
-2.296903434656093523e+01
-3.925485000000000468e+01
-1.141293999999999897e+01
-1.883003000000000071e+01
-8.396189999999997156e+00
-1.396758745074332531e+01
-3.017241140966176260e+01
-1.356473521352201317e+01
-8.837152748036603001e+00
-2.125648710233703298e+01
-2.859312719116040213e+01
-1.539325779359354307e+01
-1.965737986996712650e+01
-2.117357999999999763e+01
-1.074340927317172323e+01
-2.135508591174893311e+01
-1.552142053605152405e+01
-1.095769185615449715e+01
-1.762532437193981849e+01
-1.390130999794767774e+01
-1.364550461492654065e+01
-1.983092337373986069e+01
-1.557048954903831905e+01
-7.520970793234267759e+00
-1.086652577334441361e+01
-1.170214414545243820e+01
-8.428907190787068515e+00
-1.919408087037564314e+01
-1.193584198380123240e+01
-1.390008333727707068e+01
-1.453101295711880603e+01
-7.370109999999999495e+00
-1.091731419382505130e+01
-4.038277480015115373e+01
-1.165230302917721872e+01
-3.984548068299748280e+01
-8.319716327282689505e+00
-1.938092537624563150e+01
-7.638969588203468497e+00
-9.103710000000001301e+00
-1.011044180242751089e+01
-9.129288419112347341e+00
-9.926238043915965648e+00
-8.273225399391249013e+00
-2.077284072591896447e+01
-8.457573827442844916e+00
-2.058029511750366325e+01
-7.334571072307513262e+00
-2.469952127939477293e+01
-8.730277043625177313e+00
-1.009249778740725390e+01
-2.485108701556000455e+01
