-1.990270800000000918e+03
-1.640731699999999591e+03
-1.704765349999998307e+03
-1.524229479999999739e+03
-1.634940140000000611e+03
-1.721067250000000058e+03
-1.528039490000000114e+03
-1.367064650000000256e+03
-1.385149559999998701e+03
-1.229416800000000421e+03
-1.507613460000000259e+03
-1.285747970000000350e+03
-1.095445800000000645e+03
-1.012973880000000349e+03
-1.163798659999999700e+03
-1.093877300000000332e+03
-8.768501799999997957e+02
-1.047037610000000086e+03
-9.802833600000002434e+02
-9.219760699999998224e+02
-9.518721300000005385e+02
-6.503308199999997896e+02
-6.702739300000000640e+02
-8.052688400000000684e+02
-8.277717499999995425e+02
-1.040285270000000082e+03
-6.433295699999997623e+02
-7.300574600000004466e+02
-7.468558399999997164e+02
-7.068373099999997748e+02
-6.792968100000000504e+02
-6.079808200000001079e+02
-4.534617299999999318e+02
-6.232211700000002566e+02
-5.973299899999998388e+02
-5.967918799999999919e+02
-5.813113000000001875e+02
-3.217425499999999943e+02
-4.604612699999998426e+02
-5.074103700000000003e+02
-4.837302300000000628e+02
-3.560516900000002920e+02
-3.709076671619923218e+02
-4.073972799999999097e+02
-3.763788300000001072e+02
-4.318772000000000162e+02
-3.605125100000002476e+02
-2.960089000000001533e+02
-3.198516400000000885e+02
-3.217789100000001099e+02
-3.195682999999999083e+02
-2.230155600000000788e+02
-1.907394600000000651e+02
-2.527718300000000227e+02
-2.212773700000000758e+02
-1.890728599999999915e+02
-2.298464900000000171e+02
-1.646308400000000063e+02
-2.322548400000000015e+02
-1.851879299999999660e+02
-2.129736999999999796e+02
-1.824235800000000722e+02
-1.630384399999999800e+02
-2.189281000000000574e+02
-2.653042600000000562e+02
-2.252246299999999906e+02
-2.750887599999999793e+02
-1.402021300000000110e+02
-1.621035800000000222e+02
-1.417666499999999985e+02
-1.870423700000000622e+02
-9.742364000000004864e+01
-1.990331400000000883e+02
-1.051079199999999929e+02
-1.351640100000000757e+02
-9.109257000000002336e+01
-1.899873100000000363e+02
-1.352842399999998690e+02
-1.374560899999999322e+02
-1.295139700000000857e+02
-1.143249400000000122e+02
-1.821671400000000176e+02
-1.402984700000000089e+02
-6.288558000000002579e+01
-1.306643600000001015e+02
-9.383797000000004118e+01
-1.043569499999999977e+02
-1.260986699999999701e+02
-6.586086999999997715e+01
-1.400936599999999999e+02
-1.711120599999999286e+02
-7.806242000000001724e+01
-5.057106999999999175e+01
-7.485195999999999117e+01
-7.011589000000005001e+01
-6.255031000000000319e+01
-7.684581000000000017e+01
-8.395864000000000260e+01
-8.697881000000000995e+01
-4.989568000000002712e+01
-4.554397999999998348e+01
-3.979932999999999055e+01
-4.848537000000000319e+01
-5.706614999999998616e+01
-3.827088000000001244e+01
-4.233042000000001792e+01
-5.368408999999999054e+01
-6.088876999999998674e+01
-4.897728999999998933e+01
-3.255163999999999191e+01
-6.226418999999999215e+01
-3.554145000000001886e+01
-6.525279999999996505e+01
-4.090405999999999409e+01
-6.866874999999998863e+01
-4.277383999999999276e+01
-2.946690999999999505e+01
-2.533651999999998949e+01
-3.278506999999999749e+01
-4.568928000000000367e+01
-3.942247000000001833e+01
-1.052370627992061003e+02
-3.039530999999999494e+01
-4.428612999999997157e+01
-7.298570000000000846e+01
-2.748877999999999133e+01
-4.063710000000000377e+01
-3.122911999999999111e+01
-2.155438999999999794e+01
-2.138037000000000987e+01
-4.195170999999997008e+01
-2.363987999999999090e+01
-5.511199999999995924e+01
-2.548545999999999623e+01
-2.017532000000000281e+01
-4.561482000000001591e+01
-2.936792000000000868e+01
-4.823976000000000397e+01
-5.064171999999999230e+01
-4.849264999999999048e+01
-3.263657000000000608e+01
-1.630002000000000351e+01
-1.765466999999999942e+01
-3.231008999999999531e+01
-2.255924000000000973e+01
-2.838627999999999574e+01
-1.608166999999999547e+01
-3.153855000000000075e+01
-1.824724000000000856e+01
-2.057307999999999026e+01
-5.607450999999996810e+01
-1.755819999999999936e+01
-2.937067000000000050e+01
-2.747823000000000704e+01
-2.738131999999999877e+01
-2.495207000000000264e+01
-1.325785999999999376e+01
-2.408725999999999345e+01
-1.384129999999999860e+01
-3.344133000000000067e+01
-2.169705999999999335e+01
-1.645874999999999488e+01
-1.789458000000000126e+01
-2.109249999999999758e+01
-1.865643999999999991e+01
-1.398407999999999873e+01
-1.649647999999999115e+01
-1.864995000000000047e+01
-1.294292999999999871e+01
-2.359819999999999141e+01
-2.330373000000000161e+01
-8.880409999999997694e+00
-1.640814999999999912e+01
-1.351888999999999896e+01
-1.125585999999999842e+01
-1.164811999999999692e+01
-2.328667999999998983e+01
-1.117985000000000007e+01
-1.273844000000000243e+01
-7.430116991598168852e+01
-2.499475999999999942e+01
-1.604295000000000471e+01
-1.036860000000000070e+01
-4.352064999999999628e+01
-1.333463999999999672e+01
-3.455167999999999751e+01
-1.044779999999999909e+01
-1.205093999999999532e+01
-2.098746000000000222e+01
-1.447148999999999752e+01
-1.386604999999999954e+01
-1.597716999999999921e+01
-1.209175000000000288e+01
-1.116818999999999740e+01
-2.187628828426311500e+01
-2.626404999999999745e+01
-1.271479000000000070e+01
-1.481534999999999869e+01
-4.354639000000000237e+01
-1.076646999999999821e+01
-1.854281000000000290e+01
-3.479059999999999775e+01
-1.139236999999999789e+01
-5.332089000000000567e+01
-2.105500000000000327e+01
-2.201067999999999003e+01
-1.845867000000000857e+01
-1.392467999999999861e+01
-1.760681999999999547e+01
-1.843556999999999491e+01
-1.476650999999999847e+01
-1.965843999999999525e+01
-1.098228999999999900e+01
-2.498331999999999908e+01
-9.560980000000000700e+00
-1.343892000000000486e+01
-2.293556000000000239e+01
-1.361943000000000126e+01
-1.213817000000000412e+01
-1.252513195927627976e+01
-1.426182999999999623e+01
-9.342080000000001050e+00
-1.379246000000000016e+01
-4.370842000000001093e+01
-2.148334000000000188e+01
-3.591524000000001138e+01
-1.718881999999999621e+01
-1.097426000000000101e+01
-1.100385000000000346e+01
-9.093810000000001281e+00
-2.176042999999999594e+01
-2.091364999999999696e+01
-9.722130000000001715e+00
-1.021416000000000146e+01
-1.067131999999999437e+01
-1.640385999999999456e+01
-1.248070999999999664e+01
-1.162084000000000117e+01
-3.752773000000001247e+01
-9.139239999999999142e+00
-1.197735000000000305e+01
-1.339965000000000295e+01
-1.162941999999999609e+01
-2.249809000000000481e+01
-6.756239000000002193e+01
-1.298956999999999695e+01
-1.500454999999999828e+01
-1.230184999999999995e+01
-3.044119999999998782e+01
-1.746008000000000138e+01
-1.624128363185131363e+01
-2.241636000000000806e+01
-1.010613999999999990e+01
-9.790880000000001360e+00
-1.128159999999999918e+01
-1.204016000000000197e+01
-1.362405000000000221e+01
-2.300640000000000285e+01
-2.301519999999999655e+01
-2.188890999999999565e+01
-1.353627000000000358e+01
-1.033581999999999823e+01
-1.236652999999999736e+01
-1.210989999999999789e+01
-1.365022999999999875e+01
-1.874763999999999697e+01
-1.646171999999999613e+01
-1.728727000000000302e+01
-1.273546999999999940e+01
-1.727153999999999812e+01
-1.108304999999999829e+01
-1.234541000000000111e+01
-1.432518999999999920e+01
-1.079804000000000030e+01
-1.361051999999999751e+01
-1.374691999999999936e+01
-3.748174999999999812e+01
-1.663607000000000369e+01
-9.875910000000001077e+00
-1.070871999999999957e+01
-1.843194000000000088e+01
-1.350876999999999839e+01
-1.043943999999999583e+01
-1.195842999999999989e+01
-2.095456999999998970e+01
-1.652992000000000061e+01
-1.948211000000000226e+01
-2.317920999999999765e+01
-1.001913000000000054e+01
-1.169278000000000084e+01
-1.437458000000000169e+01
-9.633140000000002701e+00
-1.609036000000000399e+01
-1.036222000000000065e+01
-2.185942999999999614e+01
-9.560760000000000147e+00
-1.014926000000000350e+01
-1.390795999999999921e+01
-1.299980000000000224e+01
-1.356432000000000038e+01
